0.0
0.6657037166078392
0.7314090305922737
0.7139976482277942
0.7306746836998576
0.06763120334439238
0.6313215121571625
0.3075410181139686
0.7758072683323123
0.7624552927721969
0.3360491468392817
0.739035920896711
0.4403107720567566
0.7890102630321394
0.17198114018141486
0.3618119843322321
0.7355018848078925
0.8433815685422843
0.7470062091061641
0.5052222933390196
0.5470143082174046
0.6320425469343292
0.6722240922424905
0.6082768015532296
0.278230762475581
0.5839519940158797
0.5470032437837542
0.6954990807612866
0.3535278465553905
0.8282776111232184
0.6141428941656313
0.5983190250013743
0.3737044790017592
0.47626747255587604
0.5362022396639629
0.3823419662640507
0.4132159035363183
0.762867131777837
0.7239786081565232
0.6972447001058462
0.850671105832604
0.6767229718914156
0.5602328046284589
0.36975910180408844
0.617377211982969
0.5921374880705944
0.2563343781024582
0.3597983636840132
0.6017844596731589
0.5893791495265871
0.6192396336430437
0.5878809769610767
0.5905412624504075
0.5011004766006494
0.6518665044731178
0.638233371353202
0.6091311046421106
0.5581088133732841
0.6412311529372975
0.698434852006111
0.8071977884005312
0.7369802337290413
0.47802353089435234
0.3823237599670041
0.6193588971485727
0.3306608225820845
0.39731107943682237
0.6725862305792942
0.6525862361718648
0.8571579446142652
0.41790348689568935
0.6993609718154457
0.6007020307170122
0.4469120265783876
0.44919864482712424
0.8252172171957466
0.8300504212356052
0.21420731085206657
0.3043094592752186
0.7155353213641243
0.60014266802943
0.5028884820778879
0.5919998478654925
0.852765720112163
0.7518856746403633
0.705744103484593
0.6458459858829446
0.4131122957785485
0.5948707498231591
0.34343731029373825
0.6785901466179282
0.5948130122835977
0.6505983217368028
0.5653038827529083
0.766778262700151
0.857064729906895
0.6911264921850825
0.8507916707320273
0.8859202686700264
0.7887372919950949
0.628755395293054
0.595315167408752
0.5645981259391182
0.776046123142561
0.7496584643845939
0.5771928350210214
0.4281178109629754
1.0325671498208666
0.8247177894409357
0.45321642058489137
0.35776356464497994
0.40558050228078973
0.5150115851633189
0.4302400841097028
0.5738577322232078
0.7694136629910915
0.6379877912470444
0.5024832596167225
0.38118266379632576
0.6562119173714906
0.49892990881906607
0.521988346464891
0.5080227878930959
0.44412221874225
0.03486310918284852
0.4731261106987826
0.18296266444716786
0.4623112311701043
0.32924555812599443
0.6778416722051636
0.3554813298253733
0.454800813127033
0.3742488415340271
0.249315104544742
0.2757888423452883
0.6046807643472534
0.6174560012817569
0.5787566345630674
0.5943618307501297
0.33395528994187734
0.7315106137890397
0.5119714777776376
0.4083032986651871
0.561165293802162
0.6609096663915544
0.6548267668301563
0.8295830048292991
0.4998279823233425
0.5786290094374081
0.565215507591887
0.38923819878217275
0.3329000548034624
0.5693730265424091
0.500461770643797
0.4439435451367883
0.3930870276353768
0.4697169418682331
0.4746980376217139
0.29580135504700966
0.5705660939258571
0.7092905402122391
0.6081736647776544
0.683431613050228
0.5424036064464189
0.4466089947363805
0.8042064722178255
0.7320331449516423
0.8805918937719139
0.8231672159488946
0.6974329404782247
0.4981550840594006
0.4131879053669656
0.5641702503778052
0.5337640404123875
0.5983506026273384
0.343164086198736
0.7526550284227684
0.8030384959446681
0.8387296012212943
0.7270295036038925
0.6320791450269261
0.5093566249863787
0.36237778808770826
0.7732771083573045
0.5766825381405127
0.4230371969042782
0.5034896866348096
0.7762845566975376
0.7451367969078737
0.8023071354468921
0.7139222358190147
0.5153311829875397
0.19248727817196237
0.6194789118058599
0.5638399965798496
0.4870126281346716
0.4253571236035975
0.31811075356358953
0.534152407883351
0.40286945266429386
0.36712794629658163
0.41448578845956835
0.488595056270947
0.6306149251879098
0.6529891691117722
0.5441578767311772
0.39481766356103376
0.5888413086926878
0.6119082243232581
0.5853128222877917
0.5504730841658633
0.7620027978554726
0.5555387805495178
0.4995446413593921
0.4689101895490239
0.6841733490813099
0.7998759879815003
0.5502434370223768
0.6622062036263809
0.6299349590687529
0.5219126137519887
0.6067032782520605
0.763911998609689
0.5007547391988321
0.5143893622148927
0.6226809582652384
0.5522806289247819
0.5125694089625139
0.3915271509147281
0.7198984898475393
0.6887630469515471
0.6467262070118666
0.5161434550322856
0.4838327056994815
0.49297370123581125
0.5888644298050237
0.1893860855492055
0.21728791509045603
0.2953753433674912
0.3707449007871805
0.2954360463504164
0.521596474159071
0.5353092422254041
0.5762776282386327
0.6444348434930574
0.4906994197180916
0.6108161433089782
0.7411235514403418
0.665208667215626
0.521908811122905
0.49911172904499884
0.5249396562433647
0.41422727377339197
0.5700722942110585
0.5416263411890226
0.4946397271957051
0.5811992059775147
0.6110489824089913
0.4844358880443608
0.43897337947477744
0.5766382556481494
0.45619128307065704
0.6284206103861067
0.44170282889147605
0.4381732767630534
0.5479866442546345
0.7080236285530673
0.4233192271760055
0.5468988584834018
0.509428391202718
0.4140873267767145
0.357435789840711
0.4519906954050647
0.457371140305637
0.4845219984349973
0.4725432387221834
0.6209839403434123
0.4991195114445912
0.43396902762983103
0.49097921493440544
0.5093049242129895
0.36768121678125393
0.496833818585568
0.5028162128028303
0.4917361449775994
0.34472139425266224
0.3980768872174136
0.44323898494443514
0.48966482917582477
0.5765466716472225
0.37057101090749267
0.6010331194252573
0.6322585144941435
0.4664913400733356
0.436336149876011
0.4818781275875901
0.5822370968643501
0.3785303193811114
0.4776696614790044
0.5089333701100107
0.569682559768146
0.6116398716640407
0.38686315964262374
0.30436316001412456
0.4448504769359308
0.25578395181653096
0.21379647809686525
0.5069762348152439
0.47944625221881115
0.737113676518575
0.7301955711167507
0.7454113842820907
0.571799855577036
0.4740810991768782
0.5683275346020054
0.08354867048219516
0.3272402131332881
0.45610655255499494
0.3371548573336043
0.27427884681117887
0.23757787783650103
0.28124680679389297
0.23046263504380565
0.121748838885613
0.24277548727195175
0.44050841135857643
0.3058605404850666
0.10210027644167147
0.6874929187678963
0.7484872505137911
0.5741361079757853
0.4146293141573701
0.3772165487528841
0.45974132524589595
0.38926161533191767
0.33418150689305287
0.2073979091067586
0.6300550974016231
0.38450165081901233
0.436302539106867
0.3662305292138427
0.5085580083586406
0.4785805653490485
0.22963017155116877
0.2968364148333051
0.22951057655657964
0.45199791151998864
0.46310130957568735
0.41812656723452357
0.3883800209057877
0.31350756702623594
0.46970999804591707
0.5015004734466658
0.4209816062778862
0.4200657628088331
0.47218058639351324
0.5141996986532684
0.4338952125129
0.43718482659766583
0.4956058742109559
0.32556453211702485
0.46939252474310644
0.396159649022239
0.7699619484720982
0.35900563377257344
0.5921193890212939
0.5111456237388157
0.4922512251030816
0.5912168107168246
0.619415980025541
0.6517351235325257
0.6358370916865985
0.5586378035051884
0.3960515599326003
0.5288066333027135
0.4535938394749526
0.7678221428755962
0.41325363145835714
0.42804827620388475
0.43589183308967294
0.5113641347545802
0.4991766032876007
0.48489353976198235
0.5341450915122016
0.6105203262029397
0.652146829481144
0.8150293344307938
0.8051880898311047
0.7005805590079219
0.764665606293722
0.7253434260374307
0.6431762944108409
0.7177885291036414
0.7498766611267667
0.7310952412892394
0.872509179776003
0.7654225786904806
0.7734538464750507
0.833585079111028
0.8383181099410575
1.0192974157351493
0.8709775296824803
0.933283799602636
0.8034918854231965
0.9220826540647938
0.8569153761986505
0.9004243110585175
0.6512176582914757
0.8168229074411752
0.6288352423958087
0.8068874031815253
0.8616792134637001
0.9136499540761234
0.8503936873194538
0.8192879087509359
0.8756171782067064
0.6941502656180524
0.7171624438345021
0.5887975045611988
0.6990162964456681
0.4950563340281465
0.6417387908003889
0.6047119163313193
0.6568198314842936
0.7902171064061337
0.6610792186928538
0.8100925285218301
0.7488870996167487
0.7564597423970285
0.4761669611452004
0.5470993089024891
0.48370523152300365
0.530626493104457
0.41089906299659895
0.5138290415506328
0.9177775948180686
0.49466683508232684
0.34982745147354233
0.782173448766837
0.764857171249832
0.7679938935672177
0.7010955566377641
0.830118769925623
0.8506325378754951
0.916636673923104
0.737939200713299
0.7092459512826121
0.6374987727111489
0.5781789795189657
0.5439822901490381
0.622996479588812
0.5155484312054165
0.550034159933292
0.6846127225017059
0.8438173360347676
0.7770144222498032
0.7138510652475402
0.6238295231863212
0.5170674846146672
0.5979408265830177
0.5856265520951585
0.5965374670285899
0.5121411290646232
0.5022567656441126
0.49941077282392454
0.6646667693005788
0.5922285809656677
0.4776325453562341
0.3692378003361286
0.16053558641511667
0.36389991385935494
0.39080314917097597
0.2584930461942107
0.6927102571923114
0.6045475835082611
0.42564997105199615
0.5250773888690109
0.5572000544151765
0.714467279425872
0.5821821050243513
0.5899132099989678
0.6108791563173391
0.6429698006419773
0.6124190207092344
0.7442482043436515
0.7154343873972021
0.701049133771901
0.5883516192742073
0.6740433692166784
0.6326317063157223
0.5428648840625153
0.3844086366506518
0.5609177983593838
0.5302296643878908
0.4170560994030855
0.6200730914673167
0.6487157765930799
0.6908316378008745
0.5283179075249073
0.4579389704890205
0.666355184065552
0.5670952966728243
0.48940985012485677
0.6926356309210642
0.7208494906469982
0.6556152729719915
0.5477799491783625
0.5058027280143236
0.6377823262780553
0.5769508171076543
0.65070768687253
0.5489062987243336
0.5024045991082762
0.4171087521596123
0.5361316020107916
0.611942233869451
0.6034443794844356
0.5954083016350898
0.5533863136857593
0.5589857744683018
0.4284429800538454
0.5808498234096047
0.38335489464347405
0.3144709664415722
0.5375875637839812
0.6730471012275232
0.5565796492828897
0.7348694497651672
0.6975261745798829
0.7108483052143699
0.664819138130971
0.6811900991805705
0.73531920213772
0.7853641773809612
0.5681291726978897
0.5411866365088598
0.5928839762754856
0.5848785392945051
0.5357920697773965
0.6291264507069365
0.5873581221621522
0.6795053386033966
0.6025941013337476
0.6663482421167111
0.6164579553535551
0.5207687185003387
0.49054193382519073
0.4366230894571761
0.4677189928802374
0.6625224210288149
0.5683831192428603
0.6276222721056729
0.5821024590645152
0.5291016855537735
0.6113612811352288
0.628927600927258
0.5990397341773861
0.4797027073789607
0.5643172170008556
0.4812532641145258
0.4561737260633854
0.5571246074748013
0.6396362439231206
0.598505874065349
0.5783391294513114
0.47505549077603
0.7444678748989382
0.5929502987138772
0.4671056685675357
0.48596583514416214
0.4843905962591816
0.6551185173431244
0.6990846666496939
0.5615003248068895
0.5693715381372215
0.3699301573829904
0.3857453901780552
0.4034827808321699
0.33178391728766043
0.45736199003307587
0.6875486383329243
0.7297981502888307
0.6294346596756015
0.6068739091563327
0.5513936308105628
0.4463470503106124
0.5932223423590931
0.5552025497848041
0.7044131255077183
0.7422068404442728
0.8666525722290681
0.841396869527286
0.970094133647454
0.557074951749677
0.5744904975069929
0.21269175490220554
0.39285378993814546
0.6548688485864758
0.5693139036840708
0.5825509126707957
0.6238922365119445
0.6252017254519842
0.4899287249669549
0.5271491006076339
0.5332269637275364
0.5036328277797574
0.3315169321714835
0.512103766907607
0.5625126061343566
0.5573746379223863
0.7285661647751641
0.7559184579273008
0.5602414095255381
0.6238111582816963
0.7915421112722154
0.5292548519692906
0.4186412683567191
0.2922702476689163
0.3567544657693412
0.5678708299668593
0.7430614054649501
0.6703479794562492
0.6752307845191922
0.5375497718295
0.3947973674390297
0.3388777578063137
0.3810792113528667
0.3376304164964084
0.3769504274577273
0.5424326595712183
0.5461249508068728
0.419086997337763
0.5653434233562927
0.42635262197519
0.5041706130791521
0.6007998626965443
0.4318432861857009
0.3880809679448531
0.5555059785850888
0.5174064825915006
0.35759792890259234
0.40651656956426874
0.3529523480099803
0.3666634182073411
0.2998796226697949
0.326110051822844
0.1838968043606336
0.21850705865916115
0.46767975667664513
0.31648480041799437
0.35505893144812667
0.43615439884486706
0.3585286730439129
0.2927139906881725
0.2745633417461739
0.5971943301966862
0.4672320140905411
0.46729770590786257
0.5717199425649664
0.4519585826582919
0.5676210726581227
0.5487653017729646
0.6020091130016445
0.4860278184723765
0.5040990094536236
0.5758185763469859
0.5452027686552168
0.3630094085536187
0.6566246688539563
0.2543605497544115
0.6721328135540982
0.47226609569584305
0.4875832193112747
0.3549018123466373
0.4564397036426641
0.37369919907758636
0.2270828934787562
0.5391483355894636
0.4611367278578964
0.6576038909766356
0.4089605639630889
0.3229755473811143
0.22095934777687137
0.46295494519755087
0.46644692738863325
0.3354670927871921
0.41046420674080186
0.6608717951840309
0.8255416082153411
0.8183144670226523
0.6636010238538339
0.7941059639785135
0.6987115052328429
0.4654809643521042
0.2228901905657214
0.45933415272047046
0.5155494207620485
0.5011658418732524
0.15822507095030952
0.4868033734872924
0.29743984749510616
0.6057208111784895
0.38836261678740447
0.3324127264560452
0.5006612811652563
0.5726626710814056
0.35005192637007587
0.20793346303548554
0.2596662248773957
0.24540424273786124
0.29125032568801384
0.5979007279214245
0.5417710271874872
0.5720275138100182
0.5468002260137442
0.5450489375988646
0.5876629594496887
0.47648287652056254
0.6348239992347396
0.703985879444363
0.26107893028030704
0.45754708008536266
0.44938407073831843
0.46227325554550086
0.2982605695878653
0.49037948900128947
0.3353985535136051
0.4419074413292376
0.3094471375901585
0.38412567752610494
0.6270338435211511
0.7036320758236985
0.5339060606936121
0.5484879101641682
0.5098792333920426
0.37150209298556375
0.806138664271275
0.484901832669951
0.7251571407170287
0.37804615536370717
0.44085973491168723
0.43031444674584085
0.525364566051896
0.49244450596919515
0.7381608580322276
0.3848591832693133
0.4299128893233136
0.6146212880213904
0.061568243853441895
0.5033761320658261
0.6421614246513299
0.5437047009203623
0.39869088972344624
0.25810718605174054
0.31825429251668463
0.4224818539607747
0.5267298865300118
0.12239281161267052
0.3064167468306804
0.4615360183652747
0.22385779381587617
0.3714815387259088
0.650445528405788
0.7965778348040004
0.7206433805579374
0.2907568978820186
0.2056446559067196
0.4062268990647301
0.6515699299676115
0.3832075300652391
0.13650603788665955
0.7660358734432209
0.7024200734456947
0.5080117709055026
0.48316125607119453
0.5389164297634261
0.3150117150322683
0.3836212137552544
0.7791953111442513
0.560180752653892
0.35344182784398287
0.2621227752941393
0.7418312527499606
0.558291139702622
0.4864119510639189
0.6705464377676661
0.864876131529412
0.4235966107934594
0.4682379732879013
0.5972250575769532
0.8231153784745789
0.627286046481928
0.3642955329716623
0.4789095192152457
